[?1034h  0.53330   0.10753
  0.55167   0.21248
  0.55841   0.31363
  0.55597   0.41057
  0.54611   0.50329
  0.53005   0.59195
  0.50862   0.67674
  0.48233   0.75783
  0.45147   0.83533
  0.41615   0.90930
  0.54028  -0.08299
  0.57176  -0.16482
  0.59633  -0.24496
  0.61538  -0.32323
  0.62991  -0.39963
  0.64064  -0.47424
  0.64807  -0.54717
  0.65256  -0.61851
  0.65437  -0.68836
  0.65364  -0.75680
  0.47610  -0.19429
  0.39695  -0.36860
  0.27638  -0.51032
  0.12851  -0.61466
 -0.03572  -0.68146
 -0.20917  -0.71184
 -0.38783  -0.70556
 -0.57015  -0.65804
 -0.75705  -0.55240
 -0.96017  -0.27942
  0.44735  -0.12943
  0.36220  -0.24965
  0.24369  -0.34789
  0.09802  -0.41046
 -0.06133  -0.42817
 -0.21829  -0.40051
 -0.36018  -0.33454
 -0.48055  -0.24033
 -0.57798  -0.12679
 -0.65364  -0.00000
  0.44919   0.05662
  0.39147   0.11236
  0.32468   0.16549
  0.24628   0.21269
  0.15418   0.24795
  0.04905   0.26191
 -0.06195   0.24379
 -0.16365   0.18816
 -0.23983   0.10175
 -0.28366   0.00000
  0.45577   0.18836
  0.35381   0.35474
  0.20620   0.48097
  0.03068   0.55787
 -0.15610   0.58489
 -0.34225   0.56595
 -0.52056   0.50495
 -0.68679   0.40222
 -0.83698   0.24913
 -0.96017   0.00000
  0.51557   0.14929
  0.50152   0.29119
  0.46478   0.42196
  0.41084   0.54033
  0.34362   0.64622
  0.26566   0.73994
  0.17847   0.82172
  0.08264   0.89144
 -0.02202   0.94836
 -0.13674   0.99061
  0.54884  -0.02909
  0.59661  -0.05813
  0.64353  -0.08710
  0.68976  -0.11600
  0.73543  -0.14481
  0.78062  -0.17356
  0.82539  -0.20223
  0.86979  -0.23084
  0.91387  -0.25940
  0.95766  -0.28790
  0.49493  -0.17948
  0.44521  -0.34484
  0.36183  -0.48826
  0.25452  -0.60695
  0.13035  -0.70071
 -0.00618  -0.77001
 -0.15271  -0.81466
 -0.30867  -0.83260
 -0.47570  -0.81766
 -0.66032  -0.75099
  0.44902  -0.16521
  0.34956  -0.31346
  0.20752  -0.42678
  0.03754  -0.49236
 -0.14244  -0.50671
 -0.31749  -0.47425
 -0.47836  -0.40257
 -0.62047  -0.29836
 -0.74159  -0.16492
 -0.83907  -0.00000
  0.45000   0.00089
  0.40000   0.00177
  0.34999   0.00266
  0.29999   0.00354
  0.24997   0.00443
  0.19995   0.00531
  0.14991   0.00619
  0.09981   0.00708
  0.04953   0.00794
 -0.00443   0.00000
  0.44914   0.16613
  0.34940   0.31508
  0.20689   0.42881
  0.03646   0.49459
 -0.14394   0.50909
 -0.31947   0.47676
 -0.48093   0.40514
 -0.62377   0.30073
 -0.74569   0.16662
 -0.84385   0.00000
  0.49556   0.17878
  0.44687   0.34365
  0.36483   0.48693
  0.25902   0.60588
  0.13639   0.70031
  0.00138   0.77068
 -0.14368   0.81681
 -0.29825   0.83675
 -0.46390   0.82456
 -0.64692   0.76256
  0.54897   0.02734
  0.59700   0.05464
  0.64429   0.08188
  0.69096   0.10905
  0.73713   0.13617
  0.78288   0.16322
  0.82826   0.19021
  0.87332   0.21716
  0.91809   0.24405
  0.96261   0.27091
  0.51496  -0.15041
  0.49982  -0.29324
  0.46164  -0.42466
  0.40602  -0.54335
  0.33695  -0.64922
  0.25705  -0.74260
  0.16781  -0.82370
  0.06985  -0.89239
 -0.03707  -0.94784
 -0.15425  -0.98803
  0.45548  -0.18788
  0.35337  -0.35385
  0.20563  -0.47971
  0.02999  -0.55613
 -0.15682  -0.58255
 -0.34279  -0.56292
 -0.52069  -0.50130
 -0.68622  -0.39820
 -0.83546  -0.24545
 -0.95766  -0.00000
  0.44923  -0.05493
  0.39195  -0.10905
  0.32609  -0.16079
  0.24916  -0.20704
  0.15896  -0.24214
  0.05571  -0.25703
 -0.05407  -0.24070
 -0.15553  -0.18685
 -0.23180  -0.10140
 -0.27516  -0.00000
  0.44735   0.13073
  0.36163   0.25199
  0.24215   0.35081
  0.09544   0.41341
 -0.06479   0.43080
 -0.22240   0.40269
 -0.36486   0.33633
 -0.48584   0.24171
 -0.58396   0.12762
 -0.66032   0.00000
  0.47664   0.19406
  0.39827   0.36827
  0.27867   0.51020
  0.13182   0.61511
 -0.03146   0.68284
 -0.20412   0.71449
 -0.38222   0.70976
 -0.56427   0.66415
 -0.75128   0.56103
 -0.95507   0.29637
  0.54066   0.08139
  0.57287   0.16169
  0.59843   0.24040
  0.61867   0.31734
  0.63457   0.39253
  0.64679   0.46603
  0.65585   0.53794
  0.66207   0.60837
  0.66572   0.67740
  0.66694   0.74511
  0.53281  -0.10899
  0.55028  -0.21529
  0.55579  -0.31763
  0.55188  -0.41556
  0.54036  -0.50910
  0.52248  -0.59839
  0.49909  -0.68364
  0.47072  -0.76502
  0.43766  -0.84263
  0.39999  -0.91652
  0.46757  -0.19606
  0.37692  -0.37022
  0.24228  -0.50747
  0.07974  -0.60168
 -0.09756  -0.65273
 -0.28082  -0.66257
 -0.46489  -0.63178
 -0.64708  -0.55600
 -0.82605  -0.41639
 -0.99996  -0.00000
  0.44773  -0.10585
  0.37277  -0.20636
  0.27220  -0.29306
  0.14720  -0.35453
  0.00560  -0.37954
 -0.13879  -0.36235
 -0.27136  -0.30597
 -0.38248  -0.21992
 -0.46913  -0.11508
 -0.53283  -0.00000
  0.44836   0.08447
  0.38180   0.16611
  0.29712   0.23996
  0.19256   0.29803
  0.07052   0.32981
 -0.06006   0.32566
 -0.18489   0.28238
 -0.29052   0.20600
 -0.37018   0.10814
 -0.42418  -0.00000
  0.46159   0.19432
  0.36421   0.36610
  0.22158   0.49866
  0.05096   0.58455
 -0.13279   0.62365
 -0.31946   0.61877
 -0.50295   0.57175
 -0.67966   0.47980
 -0.84646   0.32712
 -0.99120  -0.00000
  0.52549   0.12846
  0.52942   0.25239
  0.51666   0.36959
  0.49097   0.47932
  0.45499   0.58154
  0.41051   0.67649
  0.35867   0.76443
  0.30009   0.84550
  0.23494   0.91967
  0.16299   0.98663
  0.54527  -0.05834
  0.58622  -0.11630
  0.62377  -0.17367
  0.65856  -0.23041
  0.69109  -0.28652
  0.72170  -0.34202
  0.75066  -0.39696
  0.77816  -0.45137
  0.80434  -0.50530
  0.82931  -0.55879
  0.48458  -0.18920
  0.41817  -0.36090
  0.31354  -0.50477
  0.18277  -0.61703
  0.03492  -0.69748
 -0.12420  -0.74680
 -0.29146  -0.76461
 -0.46601  -0.74732
 -0.64968  -0.68307
 -0.85322  -0.52155
  0.44765  -0.14772
  0.35467  -0.28246
  0.22312  -0.38845
  0.06368  -0.45174
 -0.10712  -0.46595
 -0.27326  -0.43376
 -0.42392  -0.36333
 -0.55399  -0.26362
 -0.66207  -0.14136
 -0.74806  -0.00000
  0.44975   0.03083
  0.39741   0.06152
  0.34221   0.09176
  0.28295   0.12089
  0.21784   0.14747
  0.14441   0.16820
  0.06038   0.17577
 -0.03157   0.15629
 -0.11316   0.09499
 -0.15425  -0.00000
  0.45197   0.17968
  0.34934   0.33908
  0.20176   0.45953
  0.02633   0.53013
 -0.15926   0.54946
 -0.34166   0.52208
 -0.51279   0.45379
 -0.66821   0.34802
 -0.80448   0.20247
 -0.91474   0.00000
  0.50626   0.16478
  0.47580   0.31923
  0.41742   0.45789
  0.33844   0.57888
  0.24408   0.68206
  0.13770   0.76780
  0.02112   0.83620
 -0.10510   0.88652
 -0.24178   0.91641
 -0.39186   0.92003
  0.54999  -0.00266
  0.59997  -0.00531
  0.64995  -0.00797
  0.69991  -0.01062
  0.74988  -0.01328
  0.79984  -0.01593
  0.84980  -0.01859
  0.89975  -0.02124
  0.94970  -0.02390
  0.99965  -0.02655
  0.50437  -0.16754
  0.47063  -0.32411
  0.40797  -0.46390
  0.32409  -0.58490
  0.22451  -0.68694
  0.11273  -0.77040
 -0.00932  -0.83534
 -0.14110  -0.88086
 -0.28356  -0.90411
 -0.44014  -0.89793
  0.45136  -0.17757
  0.34897  -0.33532
  0.20190  -0.45460
  0.02697  -0.52418
 -0.15799  -0.54234
 -0.33934  -0.51372
 -0.50886  -0.44450
 -0.66205  -0.33866
 -0.79568  -0.19503
 -0.90369  -0.00000
  0.44983  -0.02558
  0.39821  -0.05108
  0.34461  -0.07632
  0.28815  -0.10092
  0.22745  -0.12400
  0.16036  -0.14345
  0.08400  -0.15404
 -0.00242  -0.14355
 -0.08533  -0.09230
 -0.12796   0.00000
  0.44780   0.15106
  0.35347   0.28841
  0.21971   0.39578
  0.05803   0.45932
 -0.11467   0.47323
 -0.28250   0.44063
 -0.43495   0.36969
 -0.56708   0.26903
 -0.67739   0.14489
 -0.76541   0.00000
  0.48636   0.18778
  0.42275   0.35864
  0.32164   0.50268
  0.19473   0.61631
  0.05068   0.69932
 -0.10492   0.75236
 -0.26913   0.77504
 -0.44114   0.76405
 -0.62286   0.70861
 -0.82433   0.56611
  0.54607   0.05327
  0.58854   0.10623
  0.62817   0.15876
  0.66551   0.21081
  0.70096   0.26238
  0.73480   0.31349
  0.76727   0.36417
  0.79851   0.41446
  0.82866   0.46439
  0.85780   0.51398
  0.52381  -0.13237
  0.52466  -0.25976
  0.50778  -0.37972
  0.47719  -0.49142
  0.43576  -0.59484
  0.38539  -0.69021
  0.32730  -0.77780
  0.26209  -0.85774
  0.18990  -0.92993
  0.11039  -0.99389
  0.46045  -0.19357
  0.36196  -0.36460
  0.21807  -0.49607
  0.04620  -0.58026
 -0.13845  -0.61701
 -0.32537  -0.60932
 -0.50825  -0.55937
 -0.68334  -0.46484
 -0.84725  -0.31104
 -0.98734  -0.00000
  0.44851  -0.07969
  0.38366  -0.15699
  0.30234  -0.22761
  0.20242  -0.28440
  0.08521  -0.31739
 -0.04171  -0.31644
 -0.16468  -0.27681
 -0.26945  -0.20313
 -0.34797  -0.10689
 -0.39999  -0.00000
  0.44763   0.11021
  0.37082   0.21446
  0.26692   0.30348
  0.13790   0.36529
 -0.00728   0.38883
 -0.15413   0.36936
 -0.28831   0.31086
 -0.40088   0.22317
 -0.48929   0.11685
 -0.55511   0.00000
  0.46898   0.19606
  0.38011   0.37047
  0.24761   0.50863
  0.08728   0.60465
 -0.08814   0.65843
 -0.27014   0.67173
 -0.45379   0.64492
 -0.63659   0.57350
 -0.81766   0.43849
 -0.99937   0.03540
  0.53426   0.10457
  0.55442   0.20679
  0.56357   0.30552
  0.56404   0.40040
  0.55746   0.49141
  0.54499   0.57872
  0.52742   0.66249
  0.50525   0.74289
  0.47876   0.82004
  0.44807   0.89400
  0.53950  -0.08616
  0.56949  -0.17104
  0.59204  -0.25400
  0.60865  -0.33487
  0.62038  -0.41363
  0.62803  -0.49038
  0.63214  -0.56524
  0.63309  -0.63830
  0.63114  -0.70969
  0.62644  -0.77947
  0.47503  -0.19472
  0.39436  -0.36917
  0.27190  -0.51047
  0.12203  -0.61365
 -0.04405  -0.67858
 -0.21899  -0.70646
 -0.39869  -0.69708
 -0.58145  -0.64582
 -0.76799  -0.53528
 -0.96946  -0.24525
  0.44736  -0.12681
  0.36337  -0.24488
  0.24681  -0.34195
  0.10330  -0.40445
 -0.05425  -0.42287
 -0.20987  -0.39613
 -0.35063  -0.33102
 -0.46980  -0.23765
 -0.56588  -0.12518
 -0.64014  -0.00000
  0.44910   0.05999
  0.39046   0.11893
  0.32176   0.17480
  0.24038   0.22378
  0.14452   0.25919
  0.03573   0.27121
 -0.07749   0.24958
 -0.17962   0.19064
 -0.25576   0.10245
 -0.30059  -0.00000
  0.45637   0.18928
  0.35474   0.35643
  0.20744   0.48343
  0.03222   0.56129
 -0.15446   0.58956
 -0.34089   0.57203
 -0.52001   0.51235
 -0.68761   0.41044
 -0.83974   0.25675
 -0.96497  -0.00000
  0.51678   0.14701
  0.50490   0.28700
  0.47104   0.41644
  0.42046   0.53411
  0.35693   0.63996
  0.28290   0.73427
  0.19981   0.81729
  0.10828   0.88896
  0.00816   0.94866
 -0.10159   0.99483
  0.54854  -0.03258
  0.59574  -0.06510
  0.64187  -0.09752
  0.68715  -0.12982
  0.73171  -0.16202
  0.77567  -0.19412
  0.81911  -0.22612
  0.86209  -0.25803
  0.90466  -0.28986
  0.94687  -0.32162
  0.49369  -0.18083
  0.44190  -0.34714
  0.35588  -0.49080
  0.24562  -0.60892
  0.11841  -0.70130
 -0.02111  -0.76841
 -0.17049  -0.81005
 -0.32916  -0.82398
 -0.49883  -0.80343
 -0.68649  -0.72714
  0.44879  -0.16334
  0.34994  -0.31015
  0.20887  -0.42266
  0.03986  -0.48785
 -0.13924  -0.50196
 -0.31333  -0.46927
 -0.47300  -0.39752
 -0.61365  -0.29372
 -0.73318  -0.16165
 -0.82931   0.00000
  0.44999   0.00443
  0.39995   0.00885
  0.34984   0.01327
  0.29964   0.01769
  0.24930   0.02211
  0.19871   0.02649
  0.14764   0.03081
  0.09540   0.03486
  0.03910   0.03700
 -0.02213   0.00000
  0.44940   0.16792
  0.34913   0.31824
  0.20575   0.43278
  0.03446   0.49900
 -0.14675   0.51384
 -0.32320   0.48184
 -0.48584   0.41037
 -0.63015   0.30562
 -0.75369   0.17012
 -0.85322   0.00000
  0.49681   0.17734
  0.45021   0.34119
  0.37087   0.48414
  0.26807   0.60358
  0.14858   0.69930
  0.01667   0.77176
 -0.12538   0.82081
 -0.27704   0.84467
 -0.43982   0.83794
 -0.61952   0.78498
  0.54922   0.02383
  0.59772   0.04763
  0.64566   0.07140
  0.69314   0.09512
  0.74023   0.11880
  0.78700   0.14244
  0.83349   0.16605
  0.87973   0.18962
  0.92576   0.21315
  0.97159   0.23666
  0.51374  -0.15261
  0.49642  -0.29728
  0.45534  -0.42993
  0.39636  -0.54919
  0.32362  -0.65496
  0.23982  -0.74757
  0.14653  -0.82723
  0.04434  -0.89373
 -0.06705  -0.94610
 -0.18913  -0.98195
  0.45491  -0.18688
  0.35256  -0.35202
  0.20462  -0.47711
  0.02879  -0.55261
 -0.15802  -0.57785
 -0.34363  -0.55691
 -0.52066  -0.49410
 -0.68479  -0.39034
 -0.83211  -0.23836
 -0.95241   0.00000
  0.44932  -0.05154
  0.39289  -0.10240
  0.32883  -0.15128
  0.25477  -0.19552
  0.16836  -0.23016
  0.06903  -0.24675
 -0.03812  -0.23408
 -0.13905  -0.18402
 -0.21559  -0.10069
 -0.25810  -0.00000
  0.44735   0.13329
  0.36052   0.25662
  0.23915   0.35655
  0.09039   0.41922
 -0.07154   0.43598
 -0.23044   0.40707
 -0.37405   0.33995
 -0.49626   0.24454
 -0.59576   0.12934
 -0.67351   0.00000
  0.47773   0.19354
  0.40096   0.36753
  0.28333   0.50985
  0.13858   0.61589
 -0.02274   0.68548
 -0.19375   0.71965
 -0.37065   0.71808
 -0.55205   0.67634
 -0.73916   0.57839
 -0.94398   0.32999
  0.54141   0.07817
  0.57502   0.15538
  0.60251   0.23118
  0.62508   0.30543
  0.64364   0.37812
  0.65880   0.44933
  0.67103   0.51914
  0.68065   0.58764
  0.68788   0.65492
  0.69290   0.72104
  0.53183  -0.11189
  0.54745  -0.22086
  0.55048  -0.32551
  0.54358  -0.42539
  0.52869  -0.52048
  0.50713  -0.61095
  0.47980  -0.69701
  0.44723  -0.77883
  0.40971  -0.85653
  0.36729  -0.93011
  0.46665  -0.19599
  0.37488  -0.36993
  0.23889  -0.50656
  0.07498  -0.59955
 -0.10348  -0.64881
 -0.28746  -0.65640
 -0.47170  -0.62304
 -0.65336  -0.54454
 -0.83080  -0.40221
 -0.99965   0.00000
  0.44781  -0.10289
  0.37407  -0.20085
  0.27575  -0.28593
  0.15351  -0.34711
  0.01441  -0.37311
 -0.12826  -0.35756
 -0.25976  -0.30271
 -0.36996  -0.21782
 -0.45548  -0.11396
 -0.51777  -0.00000
  0.44826   0.08762
  0.38054   0.17210
  0.29360   0.24801
  0.18598   0.30680
  0.06084   0.33769
 -0.07201   0.33147
 -0.19802   0.28594
 -0.30429   0.20791
 -0.38479   0.10901
 -0.44014   0.00000
  0.46238   0.19474
  0.36580   0.36699
  0.22410   0.50025
  0.05442   0.58730
 -0.12864   0.62801
 -0.31506   0.62507
 -0.49886   0.58012
 -0.67658   0.49006
 -0.84528   0.33843
 -0.99339   0.00000
  0.52659   0.12579
  0.53254   0.24736
  0.52250   0.36264
  0.50003   0.47094
  0.46765   0.57223
  0.42708   0.66675
  0.37940   0.75473
  0.32522   0.83634
  0.26475   0.91159
  0.19781   0.98024
  0.54470  -0.06171
  0.58457  -0.12295
  0.62062  -0.18350
  0.65360  -0.24330
  0.68405  -0.30236
  0.71236  -0.36069
  0.73883  -0.41836
  0.76366  -0.47540
  0.78701  -0.53186
  0.80901  -0.58780
  0.48341  -0.19007
  0.41518  -0.36227
  0.30825  -0.50598
  0.17499  -0.61728
  0.02470  -0.69597
 -0.13664  -0.74280
 -0.30581  -0.75735
 -0.48185  -0.73587
 -0.66658  -0.66580
 -0.87115  -0.49102
  0.44757  -0.14543
  0.35553  -0.27838
  0.22553  -0.38343
  0.06769  -0.44657
 -0.10178  -0.46106
 -0.26677  -0.42923
 -0.41624  -0.35922
 -0.54495  -0.26016
 -0.65157  -0.13913
 -0.73619  -0.00000
  0.44969   0.03432
  0.39680   0.06844
  0.34038   0.10194
  0.27902   0.13395
  0.21069   0.16253
  0.13287   0.18352
  0.04407   0.18836
 -0.05058   0.16296
 -0.13106   0.09631
 -0.17172   0.00000
  0.45241   0.18102
  0.34968   0.34147
  0.20186   0.46269
  0.02618   0.53403
 -0.15976   0.55421
 -0.34280   0.52773
 -0.51499   0.46016
 -0.67188   0.35452
 -0.80994   0.20774
 -0.92175   0.00000
  0.50752   0.16288
  0.47924   0.31584
  0.42374   0.45366
  0.34805   0.57455
  0.25723   0.67840
  0.15450   0.76554
  0.04166   0.83610
 -0.08075   0.88947
 -0.21343   0.92356
 -0.35904   0.93332
  0.54995  -0.00619
  0.59985  -0.01239
  0.64971  -0.01858
  0.69954  -0.02478
  0.74934  -0.03097
  0.79912  -0.03716
  0.84888  -0.04335
  0.89863  -0.04954
  0.94836  -0.05573
  0.99808  -0.06192
  0.50311  -0.16931
  0.46719  -0.32723
  0.40170  -0.46770
  0.31459  -0.58860
  0.21156  -0.68978
  0.09627  -0.77161
 -0.02933  -0.83413
 -0.16470  -0.87629
 -0.31088  -0.89491
 -0.47165  -0.88178
  0.45098  -0.17610
  0.34881  -0.33270
  0.20218  -0.45120
  0.02767  -0.52013
 -0.15679  -0.53759
 -0.33741  -0.50824
 -0.50582  -0.43847
 -0.65752  -0.33268
 -0.78942  -0.19036
 -0.89597  -0.00000
  0.44987  -0.02207
  0.39867  -0.04409
  0.34598  -0.06594
  0.29113  -0.08737
  0.23304  -0.10781
  0.16987  -0.12579
  0.09877  -0.13751
  0.01719  -0.13267
 -0.06594  -0.08972
 -0.11039  -0.00000
  0.44792   0.15323
  0.35273   0.29227
  0.21759   0.40052
  0.05450   0.46427
 -0.11939   0.47806
 -0.28832   0.44526
 -0.44198   0.37406
 -0.57550   0.27280
 -0.68731   0.14738
 -0.77669   0.00000
  0.48756   0.18677
  0.42585   0.35699
  0.32716   0.50109
  0.20288   0.61558
  0.06147   0.70027
 -0.09168   0.75575
 -0.25370   0.78166
 -0.42384   0.77487
 -0.60401   0.72533
 -0.80378   0.59493
  0.54656   0.04986
  0.58997   0.09947
  0.63090   0.14872
  0.66981   0.19758
  0.70707   0.24605
  0.74291   0.29414
  0.77755   0.34189
  0.81112   0.38931
  0.84373   0.43644
  0.87546   0.48329
  0.52267  -0.13492
  0.52144  -0.26455
  0.50178  -0.38626
  0.46790  -0.49918
  0.42280  -0.60326
  0.36850  -0.69876
  0.30622  -0.78594
  0.23659  -0.86492
  0.15971  -0.93552
  0.07514  -0.99717
  0.45971  -0.19300
  0.36056  -0.36347
  0.21592  -0.49422
  0.04331  -0.57730
 -0.14186  -0.61252
 -0.32886  -0.60303
 -0.51125  -0.55124
 -0.68520  -0.45517
 -0.84715  -0.30090
 -0.98438  -0.00000
  0.44861  -0.07647
  0.38487  -0.15081
  0.30576  -0.21918
  0.20895  -0.27498
  0.09509  -0.30868
 -0.02922  -0.30992
 -0.15087  -0.27290
 -0.25511  -0.20120
 -0.33298  -0.10609
 -0.38370  -0.00000
  0.44756   0.11308
  0.36953   0.21975
  0.26344   0.31024
  0.13182   0.37223
 -0.01562   0.39483
 -0.16404   0.37394
 -0.29930   0.31414
 -0.41289   0.22540
 -0.50252   0.11810
 -0.56975   0.00000
  0.46994   0.19599
  0.38232   0.37051
  0.25134   0.50925
  0.09257   0.60648
 -0.08150   0.66209
 -0.26255   0.67775
 -0.44579   0.65369
 -0.62888   0.58533
 -0.81121   0.45375
 -0.99749   0.07075
  0.53519   0.10159
  0.55710   0.20102
  0.56862   0.29727
  0.57194   0.39000
  0.56858   0.47922
  0.55965   0.56505
  0.54588   0.64766
  0.52775   0.72721
  0.50556   0.80383
  0.47944   0.87758
  0.53869  -0.08931
  0.56715  -0.17718
  0.58761  -0.26292
  0.60170  -0.34631
  0.61056  -0.42735
  0.61505  -0.50614
  0.61575  -0.58280
  0.61305  -0.65745
  0.60724  -0.73021
  0.59846  -0.80115
  0.47398  -0.19510
  0.39182  -0.36965
  0.26753  -0.51048
  0.11574  -0.61250
 -0.05210  -0.67555
 -0.22845  -0.70093
 -0.40907  -0.68851
 -0.59214  -0.63361
 -0.77815  -0.51838
 -0.97753  -0.21078
  0.44739  -0.12414
  0.36456  -0.24003
  0.25001  -0.33588
  0.10874  -0.39831
 -0.04695  -0.41748
 -0.20120  -0.39174
 -0.34084  -0.32755
 -0.45883  -0.23504
 -0.55358  -0.12364
 -0.62644  -0.00000
  0.44900   0.06333
  0.38942   0.12543
  0.31874   0.18397
  0.23433   0.23459
  0.13473   0.26996
  0.02248   0.27992
 -0.09275   0.25491
 -0.19528   0.19295
 -0.27153   0.10315
 -0.31743   0.00000
  0.45699   0.19014
  0.35574   0.35803
  0.20883   0.48578
  0.03398   0.56464
 -0.15253   0.59421
 -0.33919   0.57816
 -0.51907   0.51989
 -0.68800   0.41890
 -0.84209   0.26476
 -0.96946   0.00000
  0.51798   0.14468
  0.50826   0.28271
  0.47727   0.41074
  0.43006   0.52763
  0.37022   0.63333
  0.30012   0.72812
  0.22116   0.81225
  0.13396   0.88572
  0.03844   0.94800
 -0.06631   0.99780
  0.54821  -0.03607
  0.59477  -0.07204
  0.64004  -0.10788
  0.68425  -0.14357
  0.72759  -0.17912
  0.77018  -0.21452
  0.81214  -0.24980
  0.85354  -0.28495
  0.89444  -0.31999
  0.93489  -0.35494
  0.49245  -0.18213
  0.43862  -0.34933
  0.34999  -0.49318
  0.23682  -0.61067
  0.10664  -0.70161
 -0.03578  -0.76649
 -0.18791  -0.80506
 -0.34916  -0.81492
 -0.52128  -0.78868
 -0.71180  -0.70239
  0.44858  -0.16142
  0.35037  -0.30676
  0.21035  -0.41844
  0.04238  -0.48328
 -0.13578  -0.49720
 -0.30888  -0.46435
 -0.46735  -0.39260
 -0.60656  -0.28924
 -0.72452  -0.15853
 -0.81929   0.00000
  0.44998   0.00796
  0.39983   0.01593
  0.34947   0.02388
  0.29883   0.03181
  0.24773   0.03970
  0.19585   0.04745
  0.14247   0.05481
  0.08568   0.06071
  0.01981   0.05827
 -0.03982   0.00000
  0.44968   0.16967
  0.34892   0.32132
  0.20475   0.43666
  0.03267   0.50335
 -0.14930   0.51859
 -0.32664   0.48699
 -0.49046   0.41573
 -0.63624   0.31067
 -0.76142   0.17380
 -0.86232   0.00000
